4556743417241036
4539440844649145
4556618913697685
4556531372639322
4929575332291153
4474221529622939
4532751839501290
4556233362052190
4050305367710153
4539617276444760
4916903872038294
4539849468878915
4485107050401842
4539892680116193
4608041980276754
4539862141604012
4539169483856394
4024007113817372
4916622713579114
4532733196938539
4777159162272600
4703788943572711
4929743169281552
4024007129624077
4556692243469354
4485958127133853
4695679204737798
4539834630625147
4539105725612351
4716898082898556
Cracked in: 112.9268 seconds
